16
12
21
0
21
0
21
0
21
0
21
0
21
0
21
0
21
0
21
0
21
0
21
0
21
0
21
0
21
0
21
0
21
0
21
0
10
0
10
0
10
0
10
0
10
0
10
0
10
0
10
0
10
0
10
0
10
0
10
0
10
0
10
0
21
0
21
0
10
0
10
0
11
0
11
0
11
0
11
0
11
0
11
0
11
0
11
0
11
0
11
0
11
0
10
0
21
0
21
0
10
0
10
0
11
0
11
0
11
0
24
0
24
0
24
0
24
0
24
0
24
0
11
0
11
0
10
0
21
0
21
0
10
0
10
0
11
0
11
0
11
0
24
0
24
0
24
0
24
0
24
0
24
0
11
0
11
0
10
0
21
0
21
0
10
0
10
0
11
0
11
0
11
0
5
0
3
0
3
0
3
0
3
0
6
0
11
0
11
0
10
0
21
0
21
0
11
0
11
0
11
0
11
0
11
0
5
0
3
0
3
0
3
0
3
0
6
0
11
0
11
0
10
0
21
0
21
0
11
0
11
0
11
0
11
0
11
0
5
0
3
0
2
0
3
0
3
0
6
0
11
0
12
0
10
0
21
0
21
0
11
0
11
0
11
0
11
0
11
0
11
0
11
0
11
0
11
0
11
0
11
0
11
0
11
0
10
0
21
0
21
0
11
0
11
0
11
0
11
0
11
0
11
0
11
0
11
0
11
0
11
0
11
0
11
0
11
0
11
0
21
0
21
0
11
0
11
0
11
0
11
0
11
0
11
0
11
0
11
0
11
0
11
0
11
0
11
0
11
0
11
0
21
0
21
0
21
0
21
0
21
0
21
0
21
0
21
0
21
0
21
0
21
0
21
0
21
0
21
0
21
0
21
0
21
0
